םל	מדכ.
700.00	0.006
699.00	0.006
698.00	0.006
697.00	0.006
696.00	0.006
695.00	0.006
694.00	0.006
693.00	0.006
692.00	0.006
691.00	0.006
690.00	0.006
689.00	0.006
688.00	0.006
687.00	0.005
686.00	0.006
685.00	0.005
684.00	0.005
683.00	0.005
682.00	0.005
681.00	0.005
680.00	0.005
679.00	0.005
678.00	0.005
677.00	0.005
676.00	0.005
675.00	0.005
674.00	0.005
673.00	0.006
672.00	0.006
671.00	0.007
670.00	0.007
669.00	0.007
668.00	0.007
667.00	0.007
666.00	0.007
665.00	0.007
664.00	0.007
663.00	0.007
662.00	0.007
661.00	0.007
660.00	0.007
659.00	0.007
658.00	0.007
657.00	0.007
656.00	0.007
655.00	0.007
654.00	0.007
653.00	0.007
652.00	0.007
651.00	0.007
650.00	0.007
649.00	0.007
648.00	0.007
647.00	0.006
646.00	0.007
645.00	0.007
644.00	0.007
643.00	0.006
642.00	0.007
641.00	0.007
640.00	0.007
639.00	0.007
638.00	0.006
637.00	0.006
636.00	0.006
635.00	0.007
634.00	0.007
633.00	0.007
632.00	0.007
631.00	0.006
630.00	0.007
629.00	0.007
628.00	0.007
627.00	0.007
626.00	0.007
625.00	0.007
624.00	0.007
623.00	0.007
622.00	0.007
621.00	0.007
620.00	0.007
619.00	0.007
618.00	0.007
617.00	0.007
616.00	0.007
615.00	0.007
614.00	0.007
613.00	0.007
612.00	0.007
611.00	0.007
610.00	0.007
609.00	0.007
608.00	0.007
607.00	0.007
606.00	0.007
605.00	0.007
604.00	0.007
603.00	0.007
602.00	0.007
601.00	0.007
600.00	0.007
599.00	0.007
598.00	0.007
597.00	0.007
596.00	0.007
595.00	0.007
594.00	0.007
593.00	0.007
592.00	0.007
591.00	0.007
590.00	0.007
589.00	0.007
588.00	0.007
587.00	0.007
586.00	0.007
585.00	0.007
584.00	0.007
583.00	0.007
582.00	0.007
581.00	0.007
580.00	0.007
579.00	0.007
578.00	0.007
577.00	0.007
576.00	0.007
575.00	0.007
574.00	0.007
573.00	0.007
572.00	0.007
571.00	0.008
570.00	0.007
569.00	0.008
568.00	0.007
567.00	0.007
566.00	0.007
565.00	0.007
564.00	0.007
563.00	0.007
562.00	0.007
561.00	0.008
560.00	0.008
559.00	0.008
558.00	0.008
557.00	0.008
556.00	0.008
555.00	0.008
554.00	0.007
553.00	0.008
552.00	0.008
551.00	0.008
550.00	0.008
549.00	0.008
548.00	0.008
547.00	0.008
546.00	0.008
545.00	0.008
544.00	0.008
543.00	0.008
542.00	0.008
541.00	0.008
540.00	0.008
539.00	0.008
538.00	0.008
537.00	0.008
536.00	0.008
535.00	0.009
534.00	0.009
533.00	0.008
532.00	0.009
531.00	0.008
530.00	0.008
529.00	0.008
528.00	0.009
527.00	0.009
526.00	0.009
525.00	0.009
524.00	0.009
523.00	0.009
522.00	0.009
521.00	0.009
520.00	0.010
519.00	0.010
518.00	0.010
517.00	0.010
516.00	0.010
515.00	0.010
514.00	0.010
513.00	0.010
512.00	0.010
511.00	0.011
510.00	0.011
509.00	0.011
508.00	0.011
507.00	0.012
506.00	0.012
505.00	0.012
504.00	0.012
503.00	0.012
502.00	0.012
501.00	0.012
500.00	0.013
499.00	0.013
498.00	0.013
497.00	0.014
496.00	0.014
495.00	0.014
494.00	0.014
493.00	0.015
492.00	0.015
491.00	0.016
490.00	0.016
489.00	0.016
488.00	0.016
487.00	0.017
486.00	0.017
485.00	0.018
484.00	0.018
483.00	0.018
482.00	0.019
481.00	0.019
480.00	0.020
479.00	0.020
478.00	0.021
477.00	0.021
476.00	0.021
475.00	0.022
474.00	0.022
473.00	0.023
472.00	0.023
471.00	0.024
470.00	0.024
469.00	0.025
468.00	0.026
467.00	0.026
466.00	0.027
465.00	0.027
464.00	0.027
463.00	0.028
462.00	0.029
461.00	0.029
460.00	0.030
459.00	0.031
458.00	0.031
457.00	0.032
456.00	0.033
455.00	0.033
454.00	0.034
453.00	0.034
452.00	0.035
451.00	0.035
450.00	0.036
449.00	0.036
448.00	0.037
447.00	0.038
446.00	0.038
445.00	0.038
444.00	0.038
443.00	0.038
442.00	0.039
441.00	0.040
440.00	0.040
439.00	0.040
438.00	0.041
437.00	0.042
436.00	0.042
435.00	0.042
434.00	0.042
433.00	0.043
432.00	0.043
431.00	0.043
430.00	0.043
429.00	0.044
428.00	0.045
427.00	0.045
426.00	0.045
425.00	0.045
424.00	0.045
423.00	0.045
422.00	0.046
421.00	0.046
420.00	0.046
419.00	0.046
418.00	0.046
417.00	0.046
416.00	0.046
415.00	0.046
414.00	0.047
413.00	0.046
412.00	0.046
411.00	0.046
410.00	0.046
409.00	0.047
408.00	0.046
407.00	0.046
406.00	0.046
405.00	0.046
404.00	0.046
403.00	0.046
402.00	0.047
401.00	0.047
400.00	0.046
399.00	0.046
398.00	0.046
397.00	0.046
396.00	0.046
395.00	0.046
394.00	0.047
393.00	0.046
392.00	0.046
391.00	0.047
390.00	0.046
389.00	0.047
388.00	0.047
387.00	0.047
386.00	0.048
385.00	0.047
384.00	0.049
383.00	0.049
382.00	0.049
381.00	0.050
380.00	0.051
379.00	0.052
378.00	0.054
377.00	0.054
376.00	0.055
375.00	0.055
374.00	0.057
373.00	0.057
372.00	0.059
371.00	0.061
370.00	0.061
369.00	0.062
368.00	0.063
367.00	0.065
366.00	0.066
365.00	0.069
364.00	0.070
363.00	0.073
362.00	0.073
361.00	0.075
360.00	0.078
359.00	0.077
358.00	0.081
357.00	0.079
356.00	0.086
355.00	0.085
354.00	0.085
353.00	0.089
352.00	0.089
351.00	0.092
350.00	0.095
349.00	0.096
348.00	0.100
347.00	0.102
346.00	0.101
345.00	0.107
344.00	0.107
343.00	0.108
342.00	0.112
341.00	0.113
340.00	0.118
339.00	0.117
338.00	0.121
337.00	0.124
336.00	0.126
335.00	0.130
334.00	0.131
333.00	0.136
332.00	0.136
331.00	0.138
330.00	0.141
329.00	0.144
328.00	0.149
327.00	0.149
326.00	0.155
325.00	0.156
324.00	0.159
323.00	0.161
322.00	0.163
321.00	0.169
320.00	0.168
319.00	0.171
318.00	0.175
317.00	0.178
316.00	0.181
315.00	0.182
314.00	0.187
313.00	0.189
312.00	0.194
311.00	0.195
310.00	0.199
309.00	0.204
308.00	0.205
307.00	0.210
306.00	0.211
305.00	0.218
304.00	0.220
303.00	0.224
302.00	0.226
301.00	0.231
300.00	0.237
299.00	0.238
298.00	0.244
297.00	0.248
296.00	0.252
295.00	0.256
294.00	0.262
293.00	0.265
292.00	0.270
291.00	0.274
290.00	0.282
289.00	0.288
288.00	0.293
287.00	0.299
286.00	0.305
285.00	0.313
284.00	0.318
283.00	0.323
282.00	0.328
281.00	0.337
280.00	0.344
279.00	0.355
278.00	0.363
277.00	0.371
276.00	0.380
275.00	0.389
274.00	0.399
273.00	0.408
272.00	0.418
271.00	0.426
270.00	0.437
269.00	0.446
268.00	0.460
267.00	0.470
266.00	0.482
265.00	0.494
264.00	0.507
263.00	0.519
262.00	0.532
261.00	0.545
260.00	0.558
259.00	0.571
258.00	0.580
257.00	0.593
256.00	0.608
255.00	0.620
254.00	0.629
253.00	0.641
252.00	0.653
251.00	0.660
250.00	0.667
249.00	0.678
248.00	0.684
247.00	0.689
246.00	0.695
245.00	0.702
244.00	0.705
243.00	0.710
242.00	0.715
241.00	0.718
240.00	0.720
239.00	0.725
238.00	0.729
237.00	0.733
236.00	0.738
235.00	0.745
234.00	0.752
233.00	0.756
232.00	0.765
231.00	0.778
230.00	0.794
229.00	0.814
228.00	0.829
227.00	0.854
226.00	0.870
225.00	0.878
224.00	0.901
223.00	0.771
222.00	0.567
221.00	0.441
220.00	0.397
219.00	0.304
218.00	0.347
217.00	0.312
216.00	0.246
215.00	0.256
214.00	0.218
213.00	0.213
212.00	0.201
211.00	0.183
210.00	0.112
209.00	0.060
208.00	0.095
207.00	0.149
206.00	0.084
205.00	0.086
204.00	0.005
203.00	0.082
202.00	0.034
201.00	-0.029
200.00	0.071
