םל	מדכ.
700.00	0.005
699.00	0.005
698.00	0.005
697.00	0.004
696.00	0.005
695.00	0.005
694.00	0.005
693.00	0.005
692.00	0.005
691.00	0.004
690.00	0.004
689.00	0.004
688.00	0.004
687.00	0.004
686.00	0.004
685.00	0.004
684.00	0.004
683.00	0.004
682.00	0.004
681.00	0.004
680.00	0.004
679.00	0.004
678.00	0.004
677.00	0.004
676.00	0.004
675.00	0.004
674.00	0.004
673.00	0.005
672.00	0.005
671.00	0.005
670.00	0.005
669.00	0.006
668.00	0.007
667.00	0.006
666.00	0.006
665.00	0.006
664.00	0.006
663.00	0.006
662.00	0.006
661.00	0.006
660.00	0.006
659.00	0.006
658.00	0.006
657.00	0.006
656.00	0.006
655.00	0.006
654.00	0.006
653.00	0.006
652.00	0.006
651.00	0.006
650.00	0.006
649.00	0.006
648.00	0.006
647.00	0.006
646.00	0.006
645.00	0.006
644.00	0.006
643.00	0.006
642.00	0.006
641.00	0.006
640.00	0.006
639.00	0.006
638.00	0.006
637.00	0.006
636.00	0.006
635.00	0.006
634.00	0.006
633.00	0.006
632.00	0.006
631.00	0.006
630.00	0.006
629.00	0.006
628.00	0.006
627.00	0.006
626.00	0.006
625.00	0.006
624.00	0.006
623.00	0.006
622.00	0.006
621.00	0.006
620.00	0.007
619.00	0.006
618.00	0.006
617.00	0.007
616.00	0.007
615.00	0.007
614.00	0.007
613.00	0.007
612.00	0.007
611.00	0.007
610.00	0.007
609.00	0.007
608.00	0.007
607.00	0.007
606.00	0.007
605.00	0.007
604.00	0.007
603.00	0.007
602.00	0.007
601.00	0.007
600.00	0.007
599.00	0.007
598.00	0.007
597.00	0.007
596.00	0.007
595.00	0.007
594.00	0.007
593.00	0.007
592.00	0.007
591.00	0.007
590.00	0.007
589.00	0.007
588.00	0.007
587.00	0.007
586.00	0.007
585.00	0.007
584.00	0.007
583.00	0.007
582.00	0.007
581.00	0.007
580.00	0.007
579.00	0.007
578.00	0.007
577.00	0.007
576.00	0.007
575.00	0.007
574.00	0.007
573.00	0.007
572.00	0.007
571.00	0.007
570.00	0.007
569.00	0.008
568.00	0.007
567.00	0.007
566.00	0.007
565.00	0.007
564.00	0.007
563.00	0.007
562.00	0.007
561.00	0.007
560.00	0.008
559.00	0.008
558.00	0.008
557.00	0.008
556.00	0.008
555.00	0.008
554.00	0.008
553.00	0.008
552.00	0.008
551.00	0.008
550.00	0.008
549.00	0.008
548.00	0.008
547.00	0.008
546.00	0.008
545.00	0.008
544.00	0.008
543.00	0.008
542.00	0.008
541.00	0.008
540.00	0.008
539.00	0.008
538.00	0.008
537.00	0.008
536.00	0.008
535.00	0.008
534.00	0.008
533.00	0.008
532.00	0.008
531.00	0.008
530.00	0.008
529.00	0.009
528.00	0.008
527.00	0.009
526.00	0.009
525.00	0.009
524.00	0.008
523.00	0.009
522.00	0.009
521.00	0.009
520.00	0.009
519.00	0.009
518.00	0.009
517.00	0.009
516.00	0.009
515.00	0.009
514.00	0.010
513.00	0.009
512.00	0.009
511.00	0.010
510.00	0.010
509.00	0.010
508.00	0.010
507.00	0.010
506.00	0.010
505.00	0.010
504.00	0.010
503.00	0.011
502.00	0.011
501.00	0.011
500.00	0.011
499.00	0.011
498.00	0.011
497.00	0.012
496.00	0.012
495.00	0.012
494.00	0.012
493.00	0.012
492.00	0.012
491.00	0.013
490.00	0.013
489.00	0.014
488.00	0.013
487.00	0.014
486.00	0.013
485.00	0.014
484.00	0.015
483.00	0.015
482.00	0.015
481.00	0.015
480.00	0.016
479.00	0.016
478.00	0.017
477.00	0.017
476.00	0.017
475.00	0.017
474.00	0.018
473.00	0.019
472.00	0.019
471.00	0.019
470.00	0.019
469.00	0.020
468.00	0.021
467.00	0.021
466.00	0.021
465.00	0.022
464.00	0.022
463.00	0.023
462.00	0.024
461.00	0.024
460.00	0.024
459.00	0.025
458.00	0.025
457.00	0.026
456.00	0.027
455.00	0.027
454.00	0.027
453.00	0.028
452.00	0.028
451.00	0.029
450.00	0.029
449.00	0.030
448.00	0.030
447.00	0.031
446.00	0.031
445.00	0.031
444.00	0.032
443.00	0.032
442.00	0.032
441.00	0.033
440.00	0.033
439.00	0.034
438.00	0.034
437.00	0.035
436.00	0.035
435.00	0.035
434.00	0.036
433.00	0.036
432.00	0.036
431.00	0.036
430.00	0.036
429.00	0.037
428.00	0.037
427.00	0.037
426.00	0.038
425.00	0.038
424.00	0.038
423.00	0.038
422.00	0.038
421.00	0.038
420.00	0.038
419.00	0.038
418.00	0.038
417.00	0.038
416.00	0.038
415.00	0.038
414.00	0.038
413.00	0.038
412.00	0.038
411.00	0.037
410.00	0.037
409.00	0.037
408.00	0.037
407.00	0.037
406.00	0.036
405.00	0.036
404.00	0.035
403.00	0.036
402.00	0.035
401.00	0.034
400.00	0.034
399.00	0.034
398.00	0.034
397.00	0.034
396.00	0.033
395.00	0.033
394.00	0.032
393.00	0.032
392.00	0.031
391.00	0.031
390.00	0.031
389.00	0.030
388.00	0.030
387.00	0.029
386.00	0.029
385.00	0.029
384.00	0.028
383.00	0.028
382.00	0.027
381.00	0.028
380.00	0.029
379.00	0.028
378.00	0.028
377.00	0.028
376.00	0.028
375.00	0.028
374.00	0.029
373.00	0.027
372.00	0.029
371.00	0.029
370.00	0.028
369.00	0.029
368.00	0.031
367.00	0.031
366.00	0.031
365.00	0.031
364.00	0.033
363.00	0.033
362.00	0.032
361.00	0.033
360.00	0.034
359.00	0.037
358.00	0.039
357.00	0.033
356.00	0.032
355.00	0.034
354.00	0.037
353.00	0.039
352.00	0.040
351.00	0.038
350.00	0.039
349.00	0.042
348.00	0.044
347.00	0.044
346.00	0.041
345.00	0.041
344.00	0.045
343.00	0.046
342.00	0.045
341.00	0.044
340.00	0.045
339.00	0.045
338.00	0.047
337.00	0.047
336.00	0.048
335.00	0.049
334.00	0.050
333.00	0.050
332.00	0.049
331.00	0.050
330.00	0.053
329.00	0.053
328.00	0.053
327.00	0.054
326.00	0.056
325.00	0.056
324.00	0.055
323.00	0.057
322.00	0.060
321.00	0.060
320.00	0.058
319.00	0.058
318.00	0.061
317.00	0.063
316.00	0.061
315.00	0.061
314.00	0.063
313.00	0.065
312.00	0.063
311.00	0.064
310.00	0.066
309.00	0.070
308.00	0.069
307.00	0.070
306.00	0.072
305.00	0.074
304.00	0.073
303.00	0.074
302.00	0.077
301.00	0.080
300.00	0.081
299.00	0.082
298.00	0.085
297.00	0.088
296.00	0.089
295.00	0.092
294.00	0.094
293.00	0.097
292.00	0.101
291.00	0.103
290.00	0.106
289.00	0.111
288.00	0.115
287.00	0.117
286.00	0.120
285.00	0.127
284.00	0.132
283.00	0.133
282.00	0.139
281.00	0.145
280.00	0.149
279.00	0.156
278.00	0.162
277.00	0.168
276.00	0.173
275.00	0.180
274.00	0.188
273.00	0.196
272.00	0.202
271.00	0.208
270.00	0.216
269.00	0.224
268.00	0.233
267.00	0.241
266.00	0.251
265.00	0.261
264.00	0.271
263.00	0.283
262.00	0.294
261.00	0.305
260.00	0.317
259.00	0.329
258.00	0.339
257.00	0.351
256.00	0.366
255.00	0.377
254.00	0.389
253.00	0.402
252.00	0.414
251.00	0.425
250.00	0.435
249.00	0.446
248.00	0.455
247.00	0.463
246.00	0.472
245.00	0.482
244.00	0.490
243.00	0.499
242.00	0.506
241.00	0.514
240.00	0.522
239.00	0.531
238.00	0.540
237.00	0.548
236.00	0.560
235.00	0.568
234.00	0.580
233.00	0.585
232.00	0.598
231.00	0.612
230.00	0.628
229.00	0.648
228.00	0.664
227.00	0.679
226.00	0.689
225.00	0.685
224.00	0.675
223.00	0.596
222.00	0.451
221.00	0.370
220.00	0.315
219.00	0.262
218.00	0.278
217.00	0.223
216.00	0.205
215.00	0.245
214.00	0.172
213.00	0.218
212.00	0.158
211.00	0.163
210.00	0.116
209.00	0.059
208.00	0.124
207.00	0.082
206.00	0.040
205.00	0.074
204.00	0.036
203.00	0.062
202.00	0.008
201.00	0.049
200.00	0.067
