םל	מדכ.
700.00	0.002
699.00	0.002
698.00	0.002
697.00	0.002
696.00	0.002
695.00	0.002
694.00	0.002
693.00	0.002
692.00	0.002
691.00	0.002
690.00	0.002
689.00	0.002
688.00	0.002
687.00	0.002
686.00	0.002
685.00	0.002
684.00	0.002
683.00	0.002
682.00	0.002
681.00	0.002
680.00	0.002
679.00	0.002
678.00	0.002
677.00	0.002
676.00	0.002
675.00	0.002
674.00	0.002
673.00	0.003
672.00	0.003
671.00	0.003
670.00	0.003
669.00	0.003
668.00	0.004
667.00	0.004
666.00	0.004
665.00	0.004
664.00	0.004
663.00	0.003
662.00	0.003
661.00	0.004
660.00	0.003
659.00	0.003
658.00	0.003
657.00	0.003
656.00	0.003
655.00	0.003
654.00	0.003
653.00	0.003
652.00	0.003
651.00	0.003
650.00	0.003
649.00	0.003
648.00	0.003
647.00	0.003
646.00	0.003
645.00	0.003
644.00	0.004
643.00	0.004
642.00	0.003
641.00	0.003
640.00	0.003
639.00	0.003
638.00	0.003
637.00	0.003
636.00	0.003
635.00	0.003
634.00	0.003
633.00	0.003
632.00	0.003
631.00	0.003
630.00	0.003
629.00	0.003
628.00	0.003
627.00	0.003
626.00	0.003
625.00	0.003
624.00	0.004
623.00	0.003
622.00	0.003
621.00	0.003
620.00	0.003
619.00	0.003
618.00	0.003
617.00	0.004
616.00	0.003
615.00	0.003
614.00	0.004
613.00	0.004
612.00	0.003
611.00	0.003
610.00	0.003
609.00	0.003
608.00	0.003
607.00	0.003
606.00	0.004
605.00	0.004
604.00	0.004
603.00	0.004
602.00	0.004
601.00	0.003
600.00	0.004
599.00	0.003
598.00	0.004
597.00	0.004
596.00	0.004
595.00	0.004
594.00	0.004
593.00	0.004
592.00	0.003
591.00	0.004
590.00	0.004
589.00	0.004
588.00	0.004
587.00	0.004
586.00	0.004
585.00	0.004
584.00	0.004
583.00	0.004
582.00	0.004
581.00	0.004
580.00	0.004
579.00	0.004
578.00	0.004
577.00	0.004
576.00	0.004
575.00	0.004
574.00	0.004
573.00	0.004
572.00	0.004
571.00	0.004
570.00	0.004
569.00	0.004
568.00	0.004
567.00	0.004
566.00	0.004
565.00	0.004
564.00	0.004
563.00	0.004
562.00	0.004
561.00	0.004
560.00	0.004
559.00	0.004
558.00	0.004
557.00	0.004
556.00	0.004
555.00	0.004
554.00	0.004
553.00	0.004
552.00	0.004
551.00	0.004
550.00	0.004
549.00	0.004
548.00	0.004
547.00	0.004
546.00	0.004
545.00	0.005
544.00	0.004
543.00	0.004
542.00	0.004
541.00	0.005
540.00	0.005
539.00	0.004
538.00	0.004
537.00	0.005
536.00	0.005
535.00	0.005
534.00	0.005
533.00	0.005
532.00	0.005
531.00	0.004
530.00	0.005
529.00	0.005
528.00	0.005
527.00	0.005
526.00	0.005
525.00	0.005
524.00	0.005
523.00	0.005
522.00	0.005
521.00	0.005
520.00	0.005
519.00	0.005
518.00	0.005
517.00	0.005
516.00	0.006
515.00	0.005
514.00	0.006
513.00	0.006
512.00	0.005
511.00	0.006
510.00	0.006
509.00	0.006
508.00	0.006
507.00	0.007
506.00	0.007
505.00	0.007
504.00	0.007
503.00	0.007
502.00	0.007
501.00	0.007
500.00	0.007
499.00	0.008
498.00	0.008
497.00	0.008
496.00	0.008
495.00	0.009
494.00	0.009
493.00	0.009
492.00	0.009
491.00	0.009
490.00	0.010
489.00	0.010
488.00	0.010
487.00	0.011
486.00	0.011
485.00	0.011
484.00	0.012
483.00	0.012
482.00	0.012
481.00	0.013
480.00	0.013
479.00	0.013
478.00	0.014
477.00	0.014
476.00	0.015
475.00	0.015
474.00	0.015
473.00	0.016
472.00	0.017
471.00	0.016
470.00	0.017
469.00	0.018
468.00	0.018
467.00	0.019
466.00	0.019
465.00	0.020
464.00	0.020
463.00	0.021
462.00	0.021
461.00	0.022
460.00	0.023
459.00	0.023
458.00	0.023
457.00	0.024
456.00	0.024
455.00	0.025
454.00	0.025
453.00	0.026
452.00	0.026
451.00	0.027
450.00	0.028
449.00	0.028
448.00	0.029
447.00	0.029
446.00	0.029
445.00	0.029
444.00	0.030
443.00	0.030
442.00	0.031
441.00	0.031
440.00	0.031
439.00	0.032
438.00	0.033
437.00	0.033
436.00	0.034
435.00	0.033
434.00	0.034
433.00	0.034
432.00	0.034
431.00	0.034
430.00	0.034
429.00	0.035
428.00	0.036
427.00	0.035
426.00	0.036
425.00	0.036
424.00	0.036
423.00	0.036
422.00	0.037
421.00	0.036
420.00	0.037
419.00	0.037
418.00	0.036
417.00	0.037
416.00	0.037
415.00	0.037
414.00	0.037
413.00	0.037
412.00	0.036
411.00	0.036
410.00	0.037
409.00	0.036
408.00	0.036
407.00	0.036
406.00	0.035
405.00	0.035
404.00	0.035
403.00	0.035
402.00	0.035
401.00	0.034
400.00	0.034
399.00	0.034
398.00	0.033
397.00	0.034
396.00	0.033
395.00	0.032
394.00	0.033
393.00	0.033
392.00	0.032
391.00	0.032
390.00	0.032
389.00	0.031
388.00	0.031
387.00	0.032
386.00	0.031
385.00	0.030
384.00	0.031
383.00	0.032
382.00	0.031
381.00	0.031
380.00	0.032
379.00	0.033
378.00	0.033
377.00	0.032
376.00	0.033
375.00	0.034
374.00	0.033
373.00	0.034
372.00	0.034
371.00	0.036
370.00	0.037
369.00	0.038
368.00	0.037
367.00	0.038
366.00	0.040
365.00	0.039
364.00	0.042
363.00	0.044
362.00	0.043
361.00	0.044
360.00	0.046
359.00	0.043
358.00	0.048
357.00	0.049
356.00	0.047
355.00	0.046
354.00	0.049
353.00	0.053
352.00	0.055
351.00	0.053
350.00	0.054
349.00	0.061
348.00	0.061
347.00	0.060
346.00	0.064
345.00	0.063
344.00	0.063
343.00	0.064
342.00	0.066
341.00	0.067
340.00	0.069
339.00	0.072
338.00	0.071
337.00	0.072
336.00	0.076
335.00	0.075
334.00	0.077
333.00	0.082
332.00	0.082
331.00	0.082
330.00	0.086
329.00	0.086
328.00	0.085
327.00	0.090
326.00	0.093
325.00	0.094
324.00	0.097
323.00	0.097
322.00	0.098
321.00	0.101
320.00	0.102
319.00	0.101
318.00	0.105
317.00	0.110
316.00	0.109
315.00	0.110
314.00	0.113
313.00	0.114
312.00	0.116
311.00	0.119
310.00	0.121
309.00	0.125
308.00	0.128
307.00	0.128
306.00	0.131
305.00	0.135
304.00	0.136
303.00	0.139
302.00	0.143
301.00	0.145
300.00	0.150
299.00	0.153
298.00	0.154
297.00	0.157
296.00	0.163
295.00	0.165
294.00	0.170
293.00	0.173
292.00	0.176
291.00	0.181
290.00	0.187
289.00	0.192
288.00	0.198
287.00	0.202
286.00	0.207
285.00	0.214
284.00	0.219
283.00	0.222
282.00	0.229
281.00	0.235
280.00	0.243
279.00	0.253
278.00	0.260
277.00	0.268
276.00	0.275
275.00	0.283
274.00	0.291
273.00	0.299
272.00	0.308
271.00	0.317
270.00	0.326
269.00	0.337
268.00	0.350
267.00	0.358
266.00	0.369
265.00	0.382
264.00	0.393
263.00	0.406
262.00	0.419
261.00	0.432
260.00	0.447
259.00	0.461
258.00	0.470
257.00	0.484
256.00	0.500
255.00	0.512
254.00	0.526
253.00	0.539
252.00	0.551
251.00	0.561
250.00	0.570
249.00	0.581
248.00	0.590
247.00	0.599
246.00	0.607
245.00	0.613
244.00	0.619
243.00	0.626
242.00	0.633
241.00	0.640
240.00	0.645
239.00	0.651
238.00	0.656
237.00	0.662
236.00	0.670
235.00	0.678
234.00	0.688
233.00	0.694
232.00	0.705
231.00	0.718
230.00	0.735
229.00	0.758
228.00	0.781
227.00	0.806
226.00	0.824
225.00	0.828
224.00	0.808
223.00	0.726
222.00	0.554
221.00	0.400
220.00	0.341
219.00	0.286
218.00	0.272
217.00	0.238
216.00	0.180
215.00	0.260
214.00	0.203
213.00	0.180
212.00	0.153
211.00	0.114
210.00	0.119
209.00	0.037
208.00	0.076
207.00	0.034
206.00	0.028
205.00	0.053
204.00	0.002
203.00	0.017
202.00	-0.011
201.00	-0.042
200.00	-0.021
